-18.00 37.50 -12.00 32.25
-18.00 32.75 -12.00 27.75
-18.00 27.75 -12.00 22.50
-18.00 22.50 -12.00 18.75
-18.00 18.75 -12.00 14.25
-12.00 37.50 -6.00 32.25
-12.00 32.75 -6.00 27.75
-12.00 27.75 -6.00 22.50
-12.00 22.50 -6.00 18.75
-12.00 18.75 -6.00 14.25
-6.00 37.50 0.00 32.25
-6.00 32.75 0.00 27.75
-6.00 27.75 0.00 22.50
-6.00 22.50 0.00 18.75
-6.00 18.75 0.00 14.25
0.00 37.50 6.00 32.25
0.00 32.75 6.00 27.75
0.00 27.75 6.00 22.50
0.00 22.50 6.00 18.75
0.00 18.75 6.00 14.25
6.00 37.50 12.00 32.25
6.00 32.75 12.00 27.75
6.00 27.75 12.00 22.50
6.00 22.50 12.00 18.75
6.00 18.75 12.00 14.25
12.00 37.50 18.00 32.25
12.00 32.75 18.00 27.75
12.00 27.75 18.00 22.50
12.00 22.50 18.00 18.75
12.00 18.75 18.00 14.25
18.00 37.50 26.25 32.25
18.00 32.75 26.25 27.75
18.00 27.75 26.25 22.50
18.00 22.50 26.25 18.75
18.00 18.75 26.25 14.25